0   1632119096866542  19 
1   1632119097871319  16 
2   1632119098875420  15 
3   1632119099880201  17 
4   1632119100883600  16 
5   1632119101887872  16 
6   1632119102891820  18 
7   1632119103896014  33 
8   1632119104900119  15 
9   1632119105903721  35 
10   1632119106908738  40 
11   1632119107910904  140 
12   1632119108915739  16 
13   1632119109920372  18 
14   1632119110923410  17 
15   1632119111928054  16 
16   1632119112931256  14 
17   1632119113935537  15 
18   1632119114940419  31 
19   1632119115943018  26 
20   1632119116947706  30 
21   1632119117952010  17 
22   1632119118956861  12 
23   1632119119961255  15 
24   1632119120966141  15 
25   1632119121970372  16 
26   1632119122973828  17 
27   1632119123978252  16 
28   1632119124982376  14 
29   1632119125987160  14 
30   1632119126992224  16 
31   1632119127997016  14 
32   1632119129000252  17 
33   1632119130004564  17 
34   1632119131009792  22 
35   1632119132014005  22 
36   1632119133016861  29 
37   1632119134020894  18 
38   1632119135025262  17 
39   1632119136025593  18 
40   1632119137030552  16 
41   1632119138032871  13 
42   1632119139037334  19 
43   1632119140041183  31 
44   1632119141042469  13 
45   1632119142047076  19 
46   1632119143050297  34 
47   1632119144054991  14 
48   1632119145059585  20 
49   1632119146064460  64 
50   1632119147069057  30 
51   1632119148074140  14 
52   1632119149077038  22 
53   1632119150081943  22 
54   1632119151085555  17 
55   1632119152089679  21 
56   1632119153093566  17 
57   1632119154098630  16 
58   1632119155099001  15 
59   1632119156103238  28 
60   1632119157107821  21 
61   1632119158110705  31 
62   1632119159115080  13 
63   1632119160118736  17 
64   1632119161122866  15 
65   1632119162127208  15 
66   1632119163132200  19 
67   1632119164136038  18 
68   1632119165140661  28 
69   1632119166144963  23 
70   1632119167149319  11 
71   1632119168153094  18 
72   1632119169157791  12 
73   1632119170162790  29 
74   1632119171167431  14 
75   1632119172171663  17 
76   1632119173175233  16 
77   1632119174176409  44 
78   1632119175180706  30 
79   1632119176182065  21 
80   1632119177186046  19 
81   1632119178190077  31 
82   1632119179194471  16 
83   1632119180199483  20 
84   1632119181204260  31 
85   1632119182207595  46 
86   1632119183211665  21 
87   1632119184216540  17 
88   1632119185220825  33 
89   1632119186223651  27 
90   1632119187225676  15 
91   1632119188228930  16 
92   1632119189233551  20 
93   1632119190238240  15 
94   1632119191241393  15 
95   1632119192246036  18 
96   1632119193249476  18 
97   1632119194254071  33 
98   1632119195258538  15 
99   1632119196261879  16 
100   1632119197267006  16 
101   1632119198269888  38 
102   1632119199274593  15 
103   1632119200279596  62 
104   1632119201283854  18 
105   1632119202288352  22 
106   1632119203291978  16 
107   1632119204295796  18 
108   1632119205300700  33 
109   1632119206303998  18 
110   1632119207307682  19 
111   1632119208308781  36 
112   1632119209313649  15 
113   1632119210316442  28 
114   1632119211321236  16 
115   1632119212326310  41 
116   1632119213331332  14 
117   1632119214336066  20 
118   1632119215336234  13 
119   1632119216340376  30 
120   1632119217345395  18 
121   1632119218350221  19 
122   1632119219352165  22 
123   1632119220357035  14 
124   1632119221360739  16 
125   1632119222365033  32 
126   1632119223368865  15 
127   1632119224371915  17 
128   1632119225376454  15 
129   1632119226380293  16 
130   1632119227385240  14 
131   1632119228389367  18 
132   1632119229394072  20 
133   1632119230396745  14 
134   1632119231399945  19 
135   1632119232403697  28 
136   1632119233408481  15 
137   1632119234412236  16 
138   1632119235416987  13 
139   1632119236420559  15 
140   1632119237423251  29 
141   1632119238427988  21 
142   1632119239432200  19 
143   1632119240436347  16 
144   1632119241441546  14 
145   1632119242445190  25 
146   1632119243449404  15 
147   1632119244454255  16 
148   1632119245459268  20 
149   1632119246463574  82 
150   1632119247468401  15 
151   1632119248472253  15 
152   1632119249476282  26 
153   1632119250480591  17 
154   1632119251485461  15 
155   1632119252490005  15 
156   1632119253493823  13 
157   1632119254498165  28 
158   1632119255502720  15 
159   1632119256507557  14 
160   1632119257512459  43 
161   1632119258515723  30 
162   1632119259520219  17 
163   1632119260525376  19 
164   1632119261528357  17 
165   1632119262533249  14 
166   1632119263538304  19 
167   1632119264542981  18 
168   1632119265547560  14 
169   1632119266551812  17 
170   1632119267556281  15 
171   1632119268561176  14 
172   1632119269565621  36 
173   1632119270570426  31 
174   1632119271574982  15 
175   1632119272578470  43 
176   1632119273578777  17 
177   1632119274583441  19 
178   1632119275588089  21 
179   1632119276591798  19 
180   1632119277596683  18 
181   1632119278599404  21 
182   1632119279603289  35 
183   1632119280608040  18 
184   1632119281613173  20 
185   1632119282615455  18 
186   1632119283620593  17 
187   1632119284624825  32 
188   1632119285627228  46 
189   1632119286629486  17 
190   1632119287634125  16 
191   1632119288638748  21 
192   1632119289643770  19 
193   1632119290648938  24 
194   1632119291653217  30 
195   1632119292658089  14 
196   1632119293661139  18 
197   1632119294664823  14 
198   1632119295669256  18 
199   1632119296673698  21 
200   1632119297678204  20 
201   1632119298683042  16 
202   1632119299688134  44 
203   1632119300691769  17 
204   1632119301694994  17 
205   1632119302699931  19 
206   1632119303703671  20 
207   1632119304708380  17 
208   1632119305713459  15 
209   1632119306718090  18 
210   1632119307723141  15 
211   1632119308727768  18 
212   1632119309731943  18 
213   1632119310736085  18 
214   1632119311741131  13 
215   1632119312745595  14 
216   1632119313749894  16 
217   1632119314754918  17 
218   1632119315760034  14 
219   1632119316763386  17 
220   1632119317767417  15 
221   1632119318768595  14 
222   1632119319772402  20 
223   1632119320776054  13 
224   1632119321779737  16 
225   1632119322784742  17 
226   1632119323788561  22 
227   1632119324793276  20 
228   1632119325796982  18 
229   1632119326801933  132 
230   1632119327806740  16 
231   1632119328811629  15 
232   1632119329815566  16 
233   1632119330819779  16 
234   1632119331824852  21 
235   1632119332829143  32 
236   1632119333833314  54 
237   1632119334837034  15 
238   1632119335842057  13 
239   1632119336846998  12 
240   1632119337851945  16 
241   1632119338855870  16 
242   1632119339859739  30 
243   1632119340863183  32 
244   1632119341868029  18 
245   1632119342873018  33 
246   1632119343877845  51 
247   1632119344883050  17 
248   1632119345887215  17 
249   1632119346890186  18 
250   1632119347894467  16 
251   1632119348897711  16 
252   1632119349901907  31 
253   1632119350906077  21 
254   1632119351911072  15 
255   1632119352915393  17 
256   1632119353918970  15 
257   1632119354922258  18 
258   1632119355927460  35 
259   1632119356932554  17 
260   1632119357937445  17 
261   1632119358940558  14 
262   1632119359944721  13 
263   1632119360948763  23 
264   1632119361951131  17 
265   1632119362956072  33 
266   1632119363960579  24 
267   1632119364965451  32 
268   1632119365965857  16 
269   1632119366967478  13 
270   1632119367972172  17 
271   1632119368976760  15 
272   1632119369981673  13 
273   1632119370985381  18 
274   1632119371990435  17 
275   1632119372994776  15 
276   1632119373999213  37 
277   1632119375002939  16 
278   1632119376007994  28 
279   1632119377012805  17 
280   1632119378017008  17 
281   1632119379020089  17 
282   1632119380024527  15 
283   1632119381028029  20 
284   1632119382029973  36 
285   1632119383034309  13 
286   1632119384037156  14 
287   1632119385042148  17 
288   1632119386047141  17 
289   1632119387051647  18 
290   1632119388056593  24 
291   1632119389060108  20 
292   1632119390064623  32 
293   1632119391068945  17 
294   1632119392070968  34 
295   1632119393074842  17 
296   1632119394078621  13 
297   1632119395080062  32 
298   1632119396084845  18 
299   1632119397089789  21 
300   1632119398094551  15 
301   1632119399099387  17 
302   1632119400103830  22 
303   1632119401105972  19 
304   1632119402109746  22 
305   1632119403119341  18 
306   1632119404128893  19 
307   1632119405138853  62 
308   1632119406146608  17 
309   1632119407156668  73 
310   1632119408166424  31 
311   1632119409174678  15 
312   1632119410183797  17 
313   1632119411191333  19 
314   1632119412201203  15 
315   1632119413211390  22 
316   1632119414220351  34 
317   1632119415228672  16 
318   1632119416237672  20 
319   1632119417247081  24 
320   1632119418257181  55 
321   1632119419267338  18 
322   1632119420276436  18 
323   1632119421286330  31 
324   1632119422295823  13 
325   1632119423303663  20 
326   1632119424313479  14 
327   1632119425322959  31 
328   1632119426330235  17 
329   1632119427340222  20 
330   1632119428349941  17 
331   1632119429357014  23 
332   1632119430361426  19 
333   1632119431371024  19 
334   1632119432378230  30 
335   1632119433388284  14 
336   1632119434397782  18 
337   1632119435407798  19 
338   1632119436417922  17 
339   1632119437428089  39 
340   1632119438437573  29 
341   1632119439447018  15 
342   1632119440454345  22 
343   1632119441464381  51 
344   1632119442472496  31 
345   1632119443482569  41 
346   1632119444492606  20 
347   1632119445502307  18 
348   1632119446511547  23 
349   1632119447519720  15 
350   1632119448529154  15 
351   1632119449539091  17 
352   1632119450548259  21 
353   1632119451558073  19 
354   1632119452568031  21 
355   1632119453571780  17 
356   1632119454579906  21 
357   1632119455589520  16 
358   1632119456596157  17 
359   1632119457606235  20 
360   1632119458616257  20 
361   1632119459626121  20 
362   1632119460634730  18 
363   1632119461643486  15 
364   1632119462651319  34 
365   1632119463660610  20 
366   1632119464670455  20 
367   1632119465680409  14 
368   1632119466689867  19 
369   1632119467696547  20 
370   1632119468704755  17 
371   1632119469713593  34 
372   1632119470723599  18 
373   1632119471733783  20 
374   1632119472743754  13 
375   1632119473751870  20 
376   1632119474762063  15 
377   1632119475772111  15 
378   1632119476776803  37 
379   1632119477786839  29 
380   1632119478791856  14 
381   1632119479801982  16 
382   1632119480812101  20 
383   1632119481822187  21 
384   1632119482830751  33 
385   1632119483838801  20 
386   1632119484846326  21 
387   1632119485853417  20 
388   1632119486862209  17 
389   1632119487869249  16 
390   1632119488878948  33 
391   1632119489888670  18 
392   1632119490898170  21 
393   1632119491906314  42 
394   1632119492912562  34 
395   1632119493922632  36 
396   1632119494927295  21 
397   1632119495934966  29 
398   1632119496944206  36 
399   1632119497954270  17 
400   1632119498964364  17 
401   1632119499972976  17 
402   1632119500982887  20 
403   1632119501991265  28 
404   1632119503000844  14 
405   1632119504009009  15 
406   1632119505013926  16 
407   1632119506022881  15 
408   1632119507032959  29 
409   1632119508041459  17 
410   1632119509050016  28 
411   1632119510057591  16 
412   1632119511065274  17 
413   1632119512073488  21 
414   1632119513082558  17 
415   1632119514092140  28 
416   1632119515102218  18 
417   1632119516111671  15 
418   1632119517121868  18 
419   1632119518129977  17 
420   1632119519138454  18 
421   1632119520145753  18 
422   1632119521153667  34 
423   1632119522162915  12 
424   1632119523170010  16 
425   1632119524180067  16 
426   1632119525186841  24 
427   1632119526195046  40 
428   1632119527204512  15 
429   1632119528214427  20 
430   1632119529224486  17 
431   1632119530234207  14 
432   1632119531243971  19 
433   1632119532253778  17 
434   1632119533263849  17 
435   1632119534273999  20 
436   1632119535283905  28 
437   1632119536293450  14 
438   1632119537303248  14 
439   1632119538312065  19 
440   1632119539322332  18 
441   1632119540332510  21 
442   1632119541342474  42 
443   1632119542348960  15 
444   1632119543359125  18 
445   1632119544367719  12 
446   1632119545377906  19 
447   1632119546387920  17 
448   1632119547393205  16 
449   1632119548399681  17 
450   1632119549408942  34 
451   1632119550417774  19 
452   1632119551427808  22 
453   1632119552437789  16 
454   1632119553446130  15 
455   1632119554453285  20 
456   1632119555463463  31 
457   1632119556472814  19 
458   1632119557482434  41 
459   1632119558492107  18 
460   1632119559500321  18 
461   1632119560509792  28 
462   1632119561519357  20 
463   1632119562529542  36 
464   1632119563539618  40 
465   1632119564546219  19 
466   1632119565556284  21 
467   1632119566566359  19 
468   1632119567574228  23 
469   1632119568584057  17 
470   1632119569591359  52 
471   1632119570600529  15 
472   1632119571610704  17 
473   1632119572620679  15 
474   1632119573629182  41 
475   1632119574638978  21 
476   1632119575645967  65 
477   1632119576653168  16 
478   1632119577663223  17 
479   1632119578672745  19 
480   1632119579682839  24 
481   1632119580692366  32 
482   1632119581702058  31 
483   1632119582712158  21 
484   1632119583722229  32 
485   1632119584728942  17 
486   1632119585739023  17 
487   1632119586749044  16 
488   1632119587758427  32 
489   1632119588768496  15 
490   1632119589778678  16 
491   1632119590788657  17 
492   1632119591797875  23 
493   1632119592804987  36 
494   1632119593814915  18 
495   1632119594825148  16 
496   1632119595834695  32 
497   1632119596844761  23 
498   1632119597852988  19 
499   1632119598862587  13 
