09/20/21-14:24:56.866627000     866627  1632119096866747 866747  1 
09/20/21-14:24:57.871432000     871432  1632119097871566 871566  2 
09/20/21-14:24:58.875531000     875531  1632119098875635 875635  3 
09/20/21-14:24:59.880313000     880313  1632119099880396 880396  4 
09/20/21-14:25:00.884055000     884055  1632119100884217 884217  5 
09/20/21-14:25:01.887971000     887971  1632119101888101 888101  6 
09/20/21-14:25:02.891936000     891936  1632119102892042 892042  7 
09/20/21-14:25:03.896155000     896155  1632119103896270 896270  8 
09/20/21-14:25:04.900233000     900233  1632119104900336 900336  9 
09/20/21-14:25:05.903993000     903993  1632119105904118 904118  10 
09/20/21-14:25:06.908881000     908881  1632119106908996 908996  11 
09/20/21-14:25:07.911158000     911158  1632119107911298 911298  12 
09/20/21-14:25:08.915853000     915853  1632119108915997 915997  13 
09/20/21-14:25:09.920483000     920483  1632119109920637 920637  14 
09/20/21-14:25:10.923589000     923589  1632119110923777 923777  15 
09/20/21-14:25:11.928180000     928180  1632119111928288 928288  16 
09/20/21-14:25:12.931411000     931411  1632119112931527 931527  17 
09/20/21-14:25:13.935670000     935670  1632119113935777 935777  18 
09/20/21-14:25:14.940578000     940578  1632119114940728 940728  19 
09/20/21-14:25:15.943150000     943150  1632119115943357 943357  20 
09/20/21-14:25:16.947927000     947927  1632119116948091 948091  21 
09/20/21-14:25:17.952118000     952118  1632119117952256 952256  22 
09/20/21-14:25:18.956967000     956967  1632119118957130 957130  23 
09/20/21-14:25:19.961368000     961368  1632119119961506 961506  24 
09/20/21-14:25:20.966228000     966228  1632119120966356 966356  25 
09/20/21-14:25:21.970481000     970481  1632119121970582 970582  26 
09/20/21-14:25:22.973979000     973979  1632119122974088 974088  27 
09/20/21-14:25:23.978372000     978372  1632119123978494 978494  28 
09/20/21-14:25:24.982532000     982532  1632119124982661 982661  29 
09/20/21-14:25:25.987313000     987313  1632119125987427 987427  30 
09/20/21-14:25:26.992329000     992329  1632119126992434 992434  31 
09/20/21-14:25:27.997177000     997177  1632119127997300 997300  32 
09/20/21-14:25:29.000376000     376  1632119129000494 494  33 
09/20/21-14:25:30.004670000     4670  1632119130004794 4794  34 
09/20/21-14:25:31.009923000     9923  1632119131010080 10080  35 
09/20/21-14:25:32.014155000     14155  1632119132014273 14273  36 
09/20/21-14:25:33.016965000     16965  1632119133017066 17066  37 
09/20/21-14:25:34.021007000     21007  1632119134021167 21167  38 
09/20/21-14:25:35.025388000     25388  1632119135025520 25520  39 
09/20/21-14:25:36.025693000     25693  1632119136025809 25809  40 
09/20/21-14:25:37.030658000     30658  1632119137030795 30795  41 
09/20/21-14:25:38.032994000     32994  1632119138033123 33123  42 
09/20/21-14:25:39.037484000     37484  1632119139037640 37640  43 
09/20/21-14:25:40.041306000     41306  1632119140041423 41423  44 
09/20/21-14:25:41.042552000     42552  1632119141042660 42660  45 
09/20/21-14:25:42.047211000     47211  1632119142047379 47379  46 
09/20/21-14:25:43.050432000     50432  1632119143050547 50547  47 
09/20/21-14:25:44.055111000     55111  1632119144055228 55228  48 
09/20/21-14:25:45.059713000     59713  1632119145059817 59817  49 
09/20/21-14:25:46.064655000     64655  1632119146064792 64792  50 
09/20/21-14:25:47.069200000     69200  1632119147069316 69316  51 
09/20/21-14:25:48.074259000     74259  1632119148074401 74401  52 
09/20/21-14:25:49.077219000     77219  1632119149077337 77337  53 
09/20/21-14:25:50.082118000     82118  1632119150082276 82276  54 
09/20/21-14:25:51.085656000     85656  1632119151085831 85831  55 
09/20/21-14:25:52.089782000     89782  1632119152089888 89888  56 
09/20/21-14:25:53.093682000     93682  1632119153093809 93809  57 
09/20/21-14:25:54.098722000     98722  1632119154098832 98832  58 
09/20/21-14:25:55.099129000     99129  1632119155099238 99238  59 
09/20/21-14:25:56.103358000     103358  1632119156103468 103468  60 
09/20/21-14:25:57.107930000     107930  1632119157108086 108086  61 
09/20/21-14:25:58.110879000     110879  1632119158111011 111011  62 
09/20/21-14:25:59.115181000     115181  1632119159115274 115274  63 
09/20/21-14:26:00.118842000     118842  1632119160118982 118982  64 
09/20/21-14:26:01.122997000     122997  1632119161123118 123118  65 
09/20/21-14:26:02.127359000     127359  1632119162127518 127518  66 
09/20/21-14:26:03.132303000     132303  1632119163132432 132432  67 
09/20/21-14:26:04.136175000     136175  1632119164136351 136351  68 
09/20/21-14:26:05.140814000     140814  1632119165140927 140927  69 
09/20/21-14:26:06.145091000     145091  1632119166145244 145244  70 
09/20/21-14:26:07.149401000     149401  1632119167149485 149485  71 
09/20/21-14:26:08.153215000     153215  1632119168153331 153331  72 
09/20/21-14:26:09.157879000     157879  1632119169157966 157966  73 
09/20/21-14:26:10.162919000     162919  1632119170163022 163022  74 
09/20/21-14:26:11.167582000     167582  1632119171167709 167709  75 
09/20/21-14:26:12.171820000     171820  1632119172171984 171984  76 
09/20/21-14:26:13.175322000     175322  1632119173175421 175421  77 
09/20/21-14:26:14.176566000     176566  1632119174176714 176714  78 
09/20/21-14:26:15.180871000     180871  1632119175180989 180989  79 
09/20/21-14:26:16.182199000     182199  1632119176182335 182335  80 
09/20/21-14:26:17.186175000     186175  1632119177186305 186305  81 
09/20/21-14:26:18.190266000     190266  1632119178190422 190422  82 
09/20/21-14:26:19.194580000     194580  1632119179194683 194683  83 
09/20/21-14:26:20.199699000     199699  1632119180200207 200207  84 
09/20/21-14:26:21.204394000     204394  1632119181204557 204557  85 
09/20/21-14:26:22.207784000     207784  1632119182207913 207913  86 
09/20/21-14:26:23.211841000     211841  1632119183212026 212026  87 
09/20/21-14:26:24.216650000     216650  1632119184216761 216761  88 
09/20/21-14:26:25.221004000     221004  1632119185221129 221129  89 
09/20/21-14:26:26.223786000     223786  1632119186223967 223967  90 
09/20/21-14:26:27.225785000     225785  1632119187225903 225903  91 
09/20/21-14:26:28.229047000     229047  1632119188229211 229211  92 
09/20/21-14:26:29.233647000     233647  1632119189233756 233756  93 
09/20/21-14:26:30.238330000     238330  1632119190238424 238424  94 
09/20/21-14:26:31.241486000     241486  1632119191241587 241587  95 
09/20/21-14:26:32.246134000     246134  1632119192246247 246247  96 
09/20/21-14:26:33.249601000     249601  1632119193249754 249754  97 
09/20/21-14:26:34.254190000     254190  1632119194254313 254313  98 
09/20/21-14:26:35.258646000     258646  1632119195258803 258803  99 
09/20/21-14:26:36.261980000     261980  1632119196262084 262084  100 
09/20/21-14:26:37.267109000     267109  1632119197267219 267219  101 
09/20/21-14:26:38.270046000     270046  1632119198270175 270175  102 
09/20/21-14:26:39.274696000     274696  1632119199274821 274821  103 
09/20/21-14:26:40.279768000     279768  1632119200279920 279920  104 
09/20/21-14:26:41.283954000     283954  1632119201284096 284096  105 
09/20/21-14:26:42.288471000     288471  1632119202288601 288601  106 
09/20/21-14:26:43.292091000     292091  1632119203292189 292189  107 
09/20/21-14:26:44.295933000     295933  1632119204296048 296048  108 
09/20/21-14:26:45.300830000     300830  1632119205300985 300985  109 
09/20/21-14:26:46.304115000     304115  1632119206304218 304218  110 
09/20/21-14:26:47.307793000     307793  1632119207307905 307905  111 
09/20/21-14:26:48.308931000     308931  1632119208309076 309076  112 
09/20/21-14:26:49.313760000     313760  1632119209313870 313870  113 
09/20/21-14:26:50.316545000     316545  1632119210316643 316643  114 
09/20/21-14:26:51.321343000     321343  1632119211321463 321463  115 
09/20/21-14:26:52.326442000     326442  1632119212326571 326571  116 
09/20/21-14:26:53.331484000     331484  1632119213331602 331602  117 
09/20/21-14:26:54.336175000     336175  1632119214336291 336291  118 
09/20/21-14:26:55.336315000     336315  1632119215336402 336402  119 
09/20/21-14:26:56.340509000     340509  1632119216340633 340633  120 
09/20/21-14:26:57.345497000     345497  1632119217345630 345630  121 
09/20/21-14:26:58.350339000     350339  1632119218350510 350510  122 
09/20/21-14:26:59.352316000     352316  1632119219352460 352460  123 
09/20/21-14:27:00.357118000     357118  1632119220357203 357203  124 
09/20/21-14:27:01.360876000     360876  1632119221361032 361032  125 
09/20/21-14:27:02.365142000     365142  1632119222365248 365248  126 
09/20/21-14:27:03.368989000     368989  1632119223369127 369127  127 
09/20/21-14:27:04.372013000     372013  1632119224372134 372134  128 
09/20/21-14:27:05.376578000     376578  1632119225376718 376718  129 
09/20/21-14:27:06.380430000     380430  1632119226380534 380534  130 
09/20/21-14:27:07.385345000     385345  1632119227385445 385445  131 
09/20/21-14:27:08.389493000     389493  1632119228389622 389622  132 
09/20/21-14:27:09.394217000     394217  1632119229394343 394343  133 
09/20/21-14:27:10.396857000     396857  1632119230396960 396960  134 
09/20/21-14:27:11.400112000     400112  1632119231400289 400289  135 
09/20/21-14:27:12.403828000     403828  1632119232403996 403996  136 
09/20/21-14:27:13.408601000     408601  1632119233408725 408725  137 
09/20/21-14:27:14.412396000     412396  1632119234412525 412525  138 
09/20/21-14:27:15.417065000     417065  1632119235417164 417164  139 
09/20/21-14:27:16.420666000     420666  1632119236420789 420789  140 
09/20/21-14:27:17.423358000     423358  1632119237423471 423471  141 
09/20/21-14:27:18.428140000     428140  1632119238428268 428268  142 
09/20/21-14:27:19.432353000     432353  1632119239432496 432496  143 
09/20/21-14:27:20.436479000     436479  1632119240436642 436642  144 
09/20/21-14:27:21.441660000     441660  1632119241441768 441768  145 
09/20/21-14:27:22.445296000     445296  1632119242445440 445440  146 
09/20/21-14:27:23.449498000     449498  1632119243449596 449596  147 
09/20/21-14:27:24.454364000     454364  1632119244454508 454508  148 
09/20/21-14:27:25.459396000     459396  1632119245459540 459540  149 
09/20/21-14:27:26.463751000     463751  1632119246463895 463895  150 
09/20/21-14:27:27.468495000     468495  1632119247468619 468619  151 
09/20/21-14:27:28.472351000     472351  1632119248472456 472456  152 
09/20/21-14:27:29.476411000     476411  1632119249476523 476523  153 
09/20/21-14:27:30.480701000     480701  1632119250480806 480806  154 
09/20/21-14:27:31.485544000     485544  1632119251485646 485646  155 
09/20/21-14:27:32.490108000     490108  1632119252490213 490213  156 
09/20/21-14:27:33.493924000     493924  1632119253494025 494025  157 
09/20/21-14:27:34.498281000     498281  1632119254498390 498390  158 
09/20/21-14:27:35.502819000     502819  1632119255502929 502929  159 
09/20/21-14:27:36.507657000     507657  1632119256507764 507764  160 
09/20/21-14:27:37.512613000     512613  1632119257512749 512749  161 
09/20/21-14:27:38.515831000     515831  1632119258515948 515948  162 
09/20/21-14:27:39.520375000     520375  1632119259520526 520526  163 
09/20/21-14:27:40.525489000     525489  1632119260525595 525595  164 
09/20/21-14:27:41.528490000     528490  1632119261528674 528674  165 
09/20/21-14:27:42.533355000     533355  1632119262533469 533469  166 
09/20/21-14:27:43.538408000     538408  1632119263538529 538529  167 
09/20/21-14:27:44.543097000     543097  1632119264543208 543208  168 
09/20/21-14:27:45.547684000     547684  1632119265547799 547799  169 
09/20/21-14:27:46.551908000     551908  1632119266552014 552014  170 
09/20/21-14:27:47.556380000     556380  1632119267556492 556492  171 
09/20/21-14:27:48.561299000     561299  1632119268561414 561414  172 
09/20/21-14:27:49.565739000     565739  1632119269565911 565911  173 
09/20/21-14:27:50.570588000     570588  1632119270570730 570730  174 
09/20/21-14:27:51.575091000     575091  1632119271575196 575196  175 
09/20/21-14:27:52.578618000     578618  1632119272578731 578731  176 
09/20/21-14:27:53.578917000     578917  1632119273579088 579088  177 
09/20/21-14:27:54.583578000     583578  1632119274583731 583731  178 
09/20/21-14:27:55.588242000     588242  1632119275588340 588340  179 
09/20/21-14:27:56.591938000     591938  1632119276592097 592097  180 
09/20/21-14:27:57.596808000     596808  1632119277596928 596928  181 
09/20/21-14:27:58.599545000     599545  1632119278599687 599687  182 
09/20/21-14:27:59.603432000     603432  1632119279603572 603572  183 
09/20/21-14:28:00.608170000     608170  1632119280608286 608286  184 
09/20/21-14:28:01.613336000     613336  1632119281613480 613480  185 
09/20/21-14:28:02.615558000     615558  1632119282615684 615684  186 
09/20/21-14:28:03.620831000     620831  1632119283620966 620966  187 
09/20/21-14:28:04.624959000     624959  1632119284625108 625108  188 
09/20/21-14:28:05.627358000     627358  1632119285627497 627497  189 
09/20/21-14:28:06.629577000     629577  1632119286629718 629718  190 
09/20/21-14:28:07.634259000     634259  1632119287634418 634418  191 
09/20/21-14:28:08.638887000     638887  1632119288639004 639004  192 
09/20/21-14:28:09.643913000     643913  1632119289644034 644034  193 
09/20/21-14:28:10.649056000     649056  1632119290649178 649178  194 
09/20/21-14:28:11.653372000     653372  1632119291653501 653501  195 
09/20/21-14:28:12.658189000     658189  1632119292658286 658286  196 
09/20/21-14:28:13.661254000     661254  1632119293661390 661390  197 
09/20/21-14:28:14.664924000     664924  1632119294665020 665020  198 
09/20/21-14:28:15.669407000     669407  1632119295669542 669542  199 
09/20/21-14:28:16.673832000     673832  1632119296673961 673961  200 
09/20/21-14:28:17.678327000     678327  1632119297678455 678455  201 
09/20/21-14:28:18.683178000     683178  1632119298683343 683343  202 
09/20/21-14:28:19.688258000     688258  1632119299688445 688445  203 
09/20/21-14:28:20.691884000     691884  1632119300692029 692029  204 
09/20/21-14:28:21.695091000     695091  1632119301695233 695233  205 
09/20/21-14:28:22.700061000     700061  1632119302700186 700186  206 
09/20/21-14:28:23.703790000     703790  1632119303703920 703920  207 
09/20/21-14:28:24.708529000     708529  1632119304708650 708650  208 
09/20/21-14:28:25.713585000     713585  1632119305713681 713681  209 
09/20/21-14:28:26.718199000     718199  1632119306718311 718311  210 
09/20/21-14:28:27.723255000     723255  1632119307723398 723398  211 
09/20/21-14:28:28.727905000     727905  1632119308728029 728029  212 
09/20/21-14:28:29.732087000     732087  1632119309732218 732218  213 
09/20/21-14:28:30.736268000     736268  1632119310736408 736408  214 
09/20/21-14:28:31.741239000     741239  1632119311741361 741361  215 
09/20/21-14:28:32.745762000     745762  1632119312745906 745906  216 
09/20/21-14:28:33.750011000     750011  1632119313750138 750138  217 
09/20/21-14:28:34.755062000     755062  1632119314755187 755187  218 
09/20/21-14:28:35.760140000     760140  1632119315760245 760245  219 
09/20/21-14:28:36.763510000     763510  1632119316763620 763620  220 
09/20/21-14:28:37.767523000     767523  1632119317767638 767638  221 
09/20/21-14:28:38.768723000     768723  1632119318768855 768855  222 
09/20/21-14:28:39.772510000     772510  1632119319772622 772622  223 
09/20/21-14:28:40.776135000     776135  1632119320776228 776228  224 
09/20/21-14:28:41.779842000     779842  1632119321779992 779992  225 
09/20/21-14:28:42.784879000     784879  1632119322785010 785010  226 
09/20/21-14:28:43.788691000     788691  1632119323788824 788824  227 
09/20/21-14:28:44.793421000     793421  1632119324793544 793544  228 
09/20/21-14:28:45.797135000     797135  1632119325797250 797250  229 
09/20/21-14:28:46.802244000     802244  1632119326802454 802454  230 
09/20/21-14:28:47.806874000     806874  1632119327807014 807014  231 
09/20/21-14:28:48.811755000     811755  1632119328811894 811894  232 
09/20/21-14:28:49.815697000     815697  1632119329815896 815896  233 
09/20/21-14:28:50.819876000     819876  1632119330820014 820014  234 
09/20/21-14:28:51.824939000     824939  1632119331825072 825072  235 
09/20/21-14:28:52.829279000     829279  1632119332829393 829393  236 
09/20/21-14:28:53.833470000     833470  1632119333833614 833614  237 
09/20/21-14:28:54.837172000     837172  1632119334837333 837333  238 
09/20/21-14:28:55.842138000     842138  1632119335842218 842218  239 
09/20/21-14:28:56.847131000     847131  1632119336847258 847258  240 
09/20/21-14:28:57.852063000     852063  1632119337852223 852223  241 
09/20/21-14:28:58.855998000     855998  1632119338856119 856119  242 
09/20/21-14:28:59.859885000     859885  1632119339860026 860026  243 
09/20/21-14:29:00.863294000     863294  1632119340863454 863454  244 
09/20/21-14:29:01.868253000     868253  1632119341868407 868407  245 
09/20/21-14:29:02.873156000     873156  1632119342873278 873278  246 
09/20/21-14:29:03.878025000     878025  1632119343878144 878144  247 
09/20/21-14:29:04.883191000     883191  1632119344883332 883332  248 
09/20/21-14:29:05.887317000     887317  1632119345887416 887416  249 
09/20/21-14:29:06.890316000     890316  1632119346890523 890523  250 
09/20/21-14:29:07.894603000     894603  1632119347894719 894719  251 
09/20/21-14:29:08.897833000     897833  1632119348898000 898000  252 
09/20/21-14:29:09.902067000     902067  1632119349902251 902251  253 
09/20/21-14:29:10.906250000     906250  1632119350906438 906438  254 
09/20/21-14:29:11.911174000     911174  1632119351911287 911287  255 
09/20/21-14:29:12.915520000     915520  1632119352915625 915625  256 
09/20/21-14:29:13.919067000     919067  1632119353919222 919222  257 
09/20/21-14:29:14.922409000     922409  1632119354922557 922557  258 
09/20/21-14:29:15.927609000     927609  1632119355927723 927723  259 
09/20/21-14:29:16.932662000     932662  1632119356932784 932784  260 
09/20/21-14:29:17.937568000     937568  1632119357937685 937685  261 
09/20/21-14:29:18.940653000     940653  1632119358940754 940754  262 
09/20/21-14:29:19.944821000     944821  1632119359944922 944922  263 
09/20/21-14:29:20.948903000     948903  1632119360949068 949068  264 
09/20/21-14:29:21.951236000     951236  1632119361951347 951347  265 
09/20/21-14:29:22.956200000     956200  1632119362956510 956510  266 
09/20/21-14:29:23.960701000     960701  1632119363960844 960844  267 
09/20/21-14:29:24.965571000     965571  1632119364965710 965710  268 
09/20/21-14:29:25.965965000     965965  1632119365966075 966075  269 
09/20/21-14:29:26.967561000     967561  1632119366967641 967641  270 
09/20/21-14:29:27.972303000     972303  1632119367972430 972430  271 
09/20/21-14:29:28.976841000     976841  1632119368976928 976928  272 
09/20/21-14:29:29.981785000     981785  1632119369981888 981888  273 
09/20/21-14:29:30.985508000     985508  1632119370985621 985621  274 
09/20/21-14:29:31.990557000     990557  1632119371990682 990682  275 
09/20/21-14:29:32.994871000     994871  1632119372995042 995042  276 
09/20/21-14:29:33.999367000     999367  1632119373999494 999494  277 
09/20/21-14:29:35.003079000     3079  1632119375003228 3228  278 
09/20/21-14:29:36.008134000     8134  1632119376008275 8275  279 
09/20/21-14:29:37.012909000     12909  1632119377013041 13041  280 
09/20/21-14:29:38.017135000     17135  1632119378017235 17235  281 
09/20/21-14:29:39.020187000     20187  1632119379020329 20329  282 
09/20/21-14:29:40.024623000     24623  1632119380024733 24733  283 
09/20/21-14:29:41.028129000     28129  1632119381028245 28245  284 
09/20/21-14:29:42.030090000     30090  1632119382030211 30211  285 
09/20/21-14:29:43.034399000     34399  1632119383034479 34479  286 
09/20/21-14:29:44.037249000     37249  1632119384037406 37406  287 
09/20/21-14:29:45.042267000     42267  1632119385042388 42388  288 
09/20/21-14:29:46.047256000     47256  1632119386047384 47384  289 
09/20/21-14:29:47.051775000     51775  1632119387051899 51899  290 
09/20/21-14:29:48.056729000     56729  1632119388056895 56895  291 
09/20/21-14:29:49.060232000     60232  1632119389060372 60372  292 
09/20/21-14:29:50.064755000     64755  1632119390064923 64923  293 
09/20/21-14:29:51.069076000     69076  1632119391069189 69189  294 
09/20/21-14:29:52.071124000     71124  1632119392071241 71241  295 
09/20/21-14:29:53.074952000     74952  1632119393075086 75086  296 
09/20/21-14:29:54.078754000     78754  1632119394078888 78888  297 
09/20/21-14:29:55.080168000     80168  1632119395080289 80289  298 
09/20/21-14:29:56.084961000     84961  1632119396085076 85076  299 
09/20/21-14:29:57.089942000     89942  1632119397090097 90097  300 
09/20/21-14:29:58.094641000     94641  1632119398094796 94796  301 
09/20/21-14:29:59.099521000     99521  1632119399099633 99633  302 
09/20/21-14:30:00.103956000     103956  1632119400104088 104088  303 
09/20/21-14:30:01.106107000     106107  1632119401106228 106228  304 
09/20/21-14:30:02.109877000     109877  1632119402110018 110018  305 
09/20/21-14:30:03.119460000     119460  1632119403119598 119598  306 
09/20/21-14:30:04.129007000     129007  1632119404129142 129142  307 
09/20/21-14:30:05.138992000     138992  1632119405139153 139153  308 
09/20/21-14:30:06.146777000     146777  1632119406146951 146951  309 
09/20/21-14:30:07.156830000     156830  1632119407156948 156948  310 
09/20/21-14:30:08.166559000     166559  1632119408166699 166699  311 
09/20/21-14:30:09.175071000     175071  1632119409175191 175191  312 
09/20/21-14:30:10.183977000     183977  1632119410184074 184074  313 
09/20/21-14:30:11.191446000     191446  1632119411191548 191548  314 
09/20/21-14:30:12.201307000     201307  1632119412201463 201463  315 
09/20/21-14:30:13.211504000     211504  1632119413211650 211650  316 
09/20/21-14:30:14.220503000     220503  1632119414220661 220661  317 
09/20/21-14:30:15.228781000     228781  1632119415228909 228909  318 
09/20/21-14:30:16.237808000     237808  1632119416237931 237931  319 
09/20/21-14:30:17.247304000     247304  1632119417247417 247417  320 
09/20/21-14:30:18.257382000     257382  1632119418257536 257536  321 
09/20/21-14:30:19.267495000     267495  1632119419267668 267668  322 
09/20/21-14:30:20.276561000     276561  1632119420276698 276698  323 
09/20/21-14:30:21.286456000     286456  1632119421286601 286601  324 
09/20/21-14:30:22.295913000     295913  1632119422296020 296020  325 
09/20/21-14:30:23.303783000     303783  1632119423303891 303891  326 
09/20/21-14:30:24.313593000     313593  1632119424313706 313706  327 
09/20/21-14:30:25.323088000     323088  1632119425323247 323247  328 
09/20/21-14:30:26.330350000     330350  1632119426330504 330504  329 
09/20/21-14:30:27.340373000     340373  1632119427340533 340533  330 
09/20/21-14:30:28.350070000     350070  1632119428350275 350275  331 
09/20/21-14:30:29.357169000     357169  1632119429357315 357315  332 
09/20/21-14:30:30.361566000     361566  1632119430361728 361728  333 
09/20/21-14:30:31.371142000     371142  1632119431371296 371296  334 
09/20/21-14:30:32.378375000     378375  1632119432378510 378510  335 
09/20/21-14:30:33.388407000     388407  1632119433388545 388545  336 
09/20/21-14:30:34.397938000     397938  1632119434398079 398079  337 
09/20/21-14:30:35.407966000     407966  1632119435408100 408100  338 
09/20/21-14:30:36.418068000     418068  1632119436418283 418283  339 
09/20/21-14:30:37.428203000     428203  1632119437428361 428361  340 
09/20/21-14:30:38.437729000     437729  1632119438437826 437826  341 
09/20/21-14:30:39.447149000     447149  1632119439447288 447288  342 
09/20/21-14:30:40.454480000     454480  1632119440454639 454639  343 
09/20/21-14:30:41.464551000     464551  1632119441464706 464706  344 
09/20/21-14:30:42.472602000     472602  1632119442472728 472728  345 
09/20/21-14:30:43.482726000     482726  1632119443482896 482896  346 
09/20/21-14:30:44.492736000     492736  1632119444492874 492874  347 
09/20/21-14:30:45.502453000     502453  1632119445502583 502583  348 
09/20/21-14:30:46.511680000     511680  1632119446511839 511839  349 
09/20/21-14:30:47.519827000     519827  1632119447519942 519942  350 
09/20/21-14:30:48.529250000     529250  1632119448529377 529377  351 
09/20/21-14:30:49.539210000     539210  1632119449539388 539388  352 
09/20/21-14:30:50.548406000     548406  1632119450548556 548556  353 
09/20/21-14:30:51.558213000     558213  1632119451558358 558358  354 
09/20/21-14:30:52.568228000     568228  1632119452568365 568365  355 
09/20/21-14:30:53.571915000     571915  1632119453572017 572017  356 
09/20/21-14:30:54.580024000     580024  1632119454580131 580131  357 
09/20/21-14:30:55.589619000     589619  1632119455589748 589748  358 
09/20/21-14:30:56.596285000     596285  1632119456596425 596425  359 
09/20/21-14:30:57.606377000     606377  1632119457606507 606507  360 
09/20/21-14:30:58.616406000     616406  1632119458616577 616577  361 
09/20/21-14:30:59.626313000     626313  1632119459626422 626422  362 
09/20/21-14:31:00.634889000     634889  1632119460635052 635052  363 
09/20/21-14:31:01.643595000     643595  1632119461643763 643763  364 
09/20/21-14:31:02.651471000     651471  1632119462651616 651616  365 
09/20/21-14:31:03.660745000     660745  1632119463660900 660900  366 
09/20/21-14:31:04.670618000     670618  1632119464670750 670750  367 
09/20/21-14:31:05.680520000     680520  1632119465680629 680629  368 
09/20/21-14:31:06.690019000     690019  1632119466690154 690154  369 
09/20/21-14:31:07.696657000     696657  1632119467696803 696803  370 
09/20/21-14:31:08.704879000     704879  1632119468705014 705014  371 
09/20/21-14:31:09.713775000     713775  1632119469713934 713934  372 
09/20/21-14:31:10.723749000     723749  1632119470723894 723894  373 
09/20/21-14:31:11.733957000     733957  1632119471734112 734112  374 
09/20/21-14:31:12.743867000     743867  1632119472744027 744027  375 
09/20/21-14:31:13.751991000     751991  1632119473752125 752125  376 
09/20/21-14:31:14.762182000     762182  1632119474762371 762371  377 
09/20/21-14:31:15.772231000     772231  1632119475772360 772360  378 
09/20/21-14:31:16.776943000     776943  1632119476777075 777075  379 
09/20/21-14:31:17.787010000     787010  1632119477787215 787215  380 
09/20/21-14:31:18.791965000     791965  1632119478792070 792070  381 
09/20/21-14:31:19.802086000     802086  1632119479802203 802203  382 
09/20/21-14:31:20.812222000     812222  1632119480812434 812434  383 
09/20/21-14:31:21.822303000     822303  1632119481822430 822430  384 
09/20/21-14:31:22.830874000     830874  1632119482830997 830997  385 
09/20/21-14:31:23.838913000     838913  1632119483839043 839043  386 
09/20/21-14:31:24.846439000     846439  1632119484846563 846563  387 
09/20/21-14:31:25.853548000     853548  1632119485853701 853701  388 
09/20/21-14:31:26.862356000     862356  1632119486862515 862515  389 
09/20/21-14:31:27.869338000     869338  1632119487869459 869459  390 
09/20/21-14:31:28.879073000     879073  1632119488879192 879192  391 
09/20/21-14:31:29.888873000     888873  1632119489889050 889050  392 
09/20/21-14:31:30.898315000     898315  1632119490898457 898457  393 
09/20/21-14:31:31.906438000     906438  1632119491906527 906527  394 
09/20/21-14:31:32.912697000     912697  1632119492912848 912848  395 
09/20/21-14:31:33.922771000     922771  1632119493922909 922909  396 
09/20/21-14:31:34.927397000     927397  1632119494927532 927532  397 
09/20/21-14:31:35.935080000     935080  1632119495935200 935200  398 
09/20/21-14:31:36.944351000     944351  1632119496944471 944471  399 
09/20/21-14:31:37.954397000     954397  1632119497954513 954513  400 
09/20/21-14:31:38.964497000     964497  1632119498964624 964624  401 
09/20/21-14:31:39.973203000     973203  1632119499973422 973422  402 
09/20/21-14:31:40.983054000     983054  1632119500983205 983205  403 
09/20/21-14:31:41.991361000     991361  1632119501991461 991461  404 
09/20/21-14:31:43.000954000     954  1632119503001069 1069  405 
09/20/21-14:31:44.009129000     9129  1632119504009262 9262  406 
09/20/21-14:31:45.014033000     14033  1632119505014155 14155  407 
09/20/21-14:31:46.022975000     22975  1632119506023084 23084  408 
09/20/21-14:31:47.033073000     33073  1632119507033171 33171  409 
09/20/21-14:31:48.041579000     41579  1632119508041690 41690  410 
09/20/21-14:31:49.050128000     50128  1632119509050236 50236  411 
09/20/21-14:31:50.057706000     57706  1632119510057824 57824  412 
09/20/21-14:31:51.065456000     65456  1632119511065615 65615  413 
09/20/21-14:31:52.073594000     73594  1632119512073704 73704  414 
09/20/21-14:31:53.082673000     82673  1632119513082793 82793  415 
09/20/21-14:31:54.092256000     92256  1632119514092391 92391  416 
09/20/21-14:31:55.102327000     102327  1632119515102455 102455  417 
09/20/21-14:31:56.111783000     111783  1632119516111920 111920  418 
09/20/21-14:31:57.122010000     122010  1632119517122132 122132  419 
09/20/21-14:31:58.130085000     130085  1632119518130212 130212  420 
09/20/21-14:31:59.138647000     138647  1632119519138788 138788  421 
09/20/21-14:32:00.145866000     145866  1632119520146005 146005  422 
09/20/21-14:32:01.153806000     153806  1632119521153929 153929  423 
09/20/21-14:32:02.163022000     163022  1632119522163145 163145  424 
09/20/21-14:32:03.170149000     170149  1632119523170266 170266  425 
09/20/21-14:32:04.180190000     180190  1632119524180312 180312  426 
09/20/21-14:32:05.186939000     186939  1632119525187030 187030  427 
09/20/21-14:32:06.195201000     195201  1632119526195330 195330  428 
09/20/21-14:32:07.204618000     204618  1632119527204758 204758  429 
09/20/21-14:32:08.214550000     214550  1632119528214678 214678  430 
09/20/21-14:32:09.224624000     224624  1632119529224743 224743  431 
09/20/21-14:32:10.234316000     234316  1632119530234417 234417  432 
09/20/21-14:32:11.244098000     244098  1632119531244221 244221  433 
09/20/21-14:32:12.253902000     253902  1632119532254068 254068  434 
09/20/21-14:32:13.263948000     263948  1632119533264064 264064  435 
09/20/21-14:32:14.274111000     274111  1632119534274270 274270  436 
09/20/21-14:32:15.284047000     284047  1632119535284162 284162  437 
09/20/21-14:32:16.293560000     293560  1632119536293671 293671  438 
09/20/21-14:32:17.303353000     303353  1632119537303468 303468  439 
09/20/21-14:32:18.312211000     312211  1632119538312355 312355  440 
09/20/21-14:32:19.322471000     322471  1632119539322634 322634  441 
09/20/21-14:32:20.332621000     332621  1632119540332735 332735  442 
09/20/21-14:32:21.342626000     342626  1632119541342792 342792  443 
09/20/21-14:32:22.349066000     349066  1632119542349219 349219  444 
09/20/21-14:32:23.359251000     359251  1632119543359368 359368  445 
09/20/21-14:32:24.367821000     367821  1632119544367919 367919  446 
09/20/21-14:32:25.378076000     378076  1632119545378250 378250  447 
09/20/21-14:32:26.388039000     388039  1632119546388174 388174  448 
09/20/21-14:32:27.393300000     393300  1632119547393427 393427  449 
09/20/21-14:32:28.399801000     399801  1632119548399936 399936  450 
09/20/21-14:32:29.409073000     409073  1632119549409197 409197  451 
09/20/21-14:32:30.417888000     417888  1632119550418013 418013  452 
09/20/21-14:32:31.427956000     427956  1632119551428085 428085  453 
09/20/21-14:32:32.437908000     437908  1632119552438040 438040  454 
09/20/21-14:32:33.446210000     446210  1632119553446313 446313  455 
09/20/21-14:32:34.453433000     453433  1632119554453610 453610  456 
09/20/21-14:32:35.463585000     463585  1632119555463760 463760  457 
09/20/21-14:32:36.472974000     472974  1632119556473103 473103  458 
09/20/21-14:32:37.482605000     482605  1632119557482752 482752  459 
09/20/21-14:32:38.492230000     492230  1632119558492368 492368  460 
09/20/21-14:32:39.500436000     500436  1632119559500556 500556  461 
09/20/21-14:32:40.509916000     509916  1632119560510050 510050  462 
09/20/21-14:32:41.519553000     519553  1632119561519707 519707  463 
09/20/21-14:32:42.529719000     529719  1632119562529869 529869  464 
09/20/21-14:32:43.539759000     539759  1632119563539896 539896  465 
09/20/21-14:32:44.546360000     546360  1632119564546493 546493  466 
09/20/21-14:32:45.556425000     556425  1632119565556560 556560  467 
09/20/21-14:32:46.566497000     566497  1632119566566616 566616  468 
09/20/21-14:32:47.574354000     574354  1632119567574464 574464  469 
09/20/21-14:32:48.584187000     584187  1632119568584325 584325  470 
09/20/21-14:32:49.591503000     591503  1632119569591617 591617  471 
09/20/21-14:32:50.600629000     600629  1632119570600741 600741  472 
09/20/21-14:32:51.610820000     610820  1632119571610971 610971  473 
09/20/21-14:32:52.620797000     620797  1632119572620921 620921  474 
09/20/21-14:32:53.629346000     629346  1632119573629481 629481  475 
09/20/21-14:32:54.639100000     639100  1632119574639263 639263  476 
09/20/21-14:32:55.646157000     646157  1632119575646285 646285  477 
09/20/21-14:32:56.653289000     653289  1632119576653420 653420  478 
09/20/21-14:32:57.663364000     663364  1632119577663522 663522  479 
09/20/21-14:32:58.672867000     672867  1632119578673006 673006  480 
09/20/21-14:32:59.682945000     682945  1632119579683050 683050  481 
09/20/21-14:33:00.692479000     692479  1632119580692602 692602  482 
09/20/21-14:33:01.702217000     702217  1632119581702336 702336  483 
09/20/21-14:33:02.712294000     712294  1632119582712441 712441  484 
09/20/21-14:33:03.722382000     722382  1632119583722501 722501  485 
09/20/21-14:33:04.729079000     729079  1632119584729293 729293  486 
09/20/21-14:33:05.739164000     739164  1632119585739315 739315  487 
09/20/21-14:33:06.749159000     749159  1632119586749316 749316  488 
09/20/21-14:33:07.758606000     758606  1632119587758784 758784  489 
09/20/21-14:33:08.768627000     768627  1632119588768764 768764  490 
09/20/21-14:33:09.778808000     778808  1632119589778962 778962  491 
09/20/21-14:33:10.788755000     788755  1632119590788875 788875  492 
09/20/21-14:33:11.797999000     797999  1632119591798134 798134  493 
09/20/21-14:33:12.805170000     805170  1632119592805300 805300  494 
09/20/21-14:33:13.815046000     815046  1632119593815187 815187  495 
09/20/21-14:33:14.825281000     825281  1632119594825425 825425  496 
09/20/21-14:33:15.834834000     834834  1632119595834947 834947  497 
09/20/21-14:33:16.844875000     844875  1632119596844989 844989  498 
09/20/21-14:33:17.853117000     853117  1632119597853350 853350  499 
09/20/21-14:33:18.862666000     862666  1632119598862770 862770  500 
